(hw2vec) PS E:\PRO\python\HT\hw4vec\examples> E:/Anaconda3/envs/hw2vec/python.exe e:/PRO/python/HT/hw4vec/examples/ablation_experiment_v3.py
================================================================================
消融实验v3：基于EXTRTL数据集的消融实验
支持TjIn/TjIn2分类评估 | 逐基准独立嵌入训练
================================================================================

加载EXTRTL数据集...
从索引文件加载: Z:\vmshare\GW3\outputs\rtl_dfg_graphs_full\EXTRTL_0_index.pkl
总电路数: 188
已加载: 180 个电路, 39569 个子图
基准电路: 45 个, 木马变体: 135 个 (TjIn=45, TjIn2=90)
加载GT: 135 个电路, 585 个信号

测试批次: ALL
  ALL: 135 个变体

================================================================================
实验5: 检测阈值消融实验 (0.50 ~ 0.99)
参数: walk_length=自适应(0), vector_size=128, window=3, sg=CBOW(0)
================================================================================

批次: ALL (135个变体)
  生成嵌入并收集相似度数据...

  === ALL ===
      阈值    TP   FP   FN  Precision Recall     F1
  -------------------------------------------------------
    0.50   430    0  155      1.000  0.735  0.847
    0.51   434    0  151      1.000  0.742  0.852
    0.52   438    0  147      1.000  0.749  0.856
    0.53   444    0  141      1.000  0.759  0.863
    0.54   448    0  137      1.000  0.766  0.867
    0.55   452    0  133      1.000  0.773  0.872
    0.56   455    0  130      1.000  0.778  0.875
    0.57   456    0  129      1.000  0.779  0.876
    0.58   457    0  128      1.000  0.781  0.877
    0.59   459    0  126      1.000  0.785  0.879
    0.60   461    0  124      1.000  0.788  0.881
    0.61   468    0  117      1.000  0.800  0.889
    0.62   478    0  107      1.000  0.817  0.899
    0.63   484    0  101      1.000  0.827  0.906
    0.64   485    0  100      1.000  0.829  0.907
    0.65   488    0   97      1.000  0.834  0.910
    0.66   490    0   95      1.000  0.838  0.912
    0.67   491    0   94      1.000  0.839  0.913
    0.68   492    0   93      1.000  0.841  0.914
    0.69   492    0   93      1.000  0.841  0.914
    0.70   492    0   93      1.000  0.841  0.914
    0.71   494    0   91      1.000  0.844  0.916
    0.72   496    0   89      1.000  0.848  0.918
    0.73   498    0   87      1.000  0.851  0.920
    0.74   507    0   78      1.000  0.867  0.929
    0.75   509    0   76      1.000  0.870  0.931
    0.76   511    0   74      1.000  0.874  0.932
    0.77   514    0   71      1.000  0.879  0.935
    0.78   515    0   70      1.000  0.880  0.936
    0.79   522    0   63      1.000  0.892  0.943
    0.80   531    0   54      1.000  0.908  0.952
    0.81   533    0   52      1.000  0.911  0.953
    0.82   538    0   47      1.000  0.920  0.958
    0.83   545    0   40      1.000  0.932  0.965
    0.84   550    0   35      1.000  0.940  0.969
    0.85   556    0   29      1.000  0.950  0.975
    0.86   561    0   24      1.000  0.959  0.979
    0.87   569    0   16      1.000  0.973  0.986
    0.88   574    0   11      1.000  0.981  0.991
    0.89   578    0    7      1.000  0.988  0.994
    0.90   580    0    5      1.000  0.991  0.996
    0.91   583    0    2      1.000  0.997  0.998
    0.92   583    0    2      1.000  0.997  0.998
    0.93   583    0    2      1.000  0.997  0.998
    0.94   584    0    1      1.000  0.998  0.999
    0.95   585    0    0      1.000  1.000  1.000
    0.96   585    0    0      1.000  1.000  1.000
    0.97   585    0    0      1.000  1.000  1.000
    0.98   585    0    0      1.000  1.000  1.000
    0.99   585    0    0      1.000  1.000  1.000

  === TjIn ===
      阈值    TP   FP   FN  Precision Recall     F1
  -------------------------------------------------------
    0.50   307    0  135      1.000  0.695  0.820
    0.51   308    0  134      1.000  0.697  0.821
    0.52   311    0  131      1.000  0.704  0.826
    0.53   315    0  127      1.000  0.713  0.832
    0.54   317    0  125      1.000  0.717  0.835
    0.55   319    0  123      1.000  0.722  0.838
    0.56   319    0  123      1.000  0.722  0.838
    0.57   320    0  122      1.000  0.724  0.840
    0.58   321    0  121      1.000  0.726  0.841
    0.59   322    0  120      1.000  0.729  0.843
    0.60   324    0  118      1.000  0.733  0.846
    0.61   331    0  111      1.000  0.749  0.856
    0.62   341    0  101      1.000  0.771  0.871
    0.63   346    0   96      1.000  0.783  0.878
    0.64   347    0   95      1.000  0.785  0.880
    0.65   350    0   92      1.000  0.792  0.884
    0.66   350    0   92      1.000  0.792  0.884
    0.67   351    0   91      1.000  0.794  0.885
    0.68   352    0   90      1.000  0.796  0.887
    0.69   352    0   90      1.000  0.796  0.887
    0.70   352    0   90      1.000  0.796  0.887
    0.71   354    0   88      1.000  0.801  0.889
    0.72   356    0   86      1.000  0.805  0.892
    0.73   358    0   84      1.000  0.810  0.895
    0.74   367    0   75      1.000  0.830  0.907
    0.75   368    0   74      1.000  0.833  0.909
    0.76   370    0   72      1.000  0.837  0.911
    0.77   373    0   69      1.000  0.844  0.915
    0.78   374    0   68      1.000  0.846  0.917
    0.79   381    0   61      1.000  0.862  0.926
    0.80   390    0   52      1.000  0.882  0.938
    0.81   392    0   50      1.000  0.887  0.940
    0.82   397    0   45      1.000  0.898  0.946
    0.83   403    0   39      1.000  0.912  0.954
    0.84   408    0   34      1.000  0.923  0.960
    0.85   413    0   29      1.000  0.934  0.966
    0.86   418    0   24      1.000  0.946  0.972
    0.87   426    0   16      1.000  0.964  0.982
    0.88   431    0   11      1.000  0.975  0.987
    0.89   435    0    7      1.000  0.984  0.992
    0.90   437    0    5      1.000  0.989  0.994
    0.91   440    0    2      1.000  0.995  0.998
    0.92   440    0    2      1.000  0.995  0.998
    0.93   440    0    2      1.000  0.995  0.998
    0.94   441    0    1      1.000  0.998  0.999
    0.95   442    0    0      1.000  1.000  1.000
    0.96   442    0    0      1.000  1.000  1.000
    0.97   442    0    0      1.000  1.000  1.000
    0.98   442    0    0      1.000  1.000  1.000
    0.99   442    0    0      1.000  1.000  1.000

  === TjIn2 ===
      阈值    TP   FP   FN  Precision Recall     F1
  -------------------------------------------------------
    0.50   123    0   20      1.000  0.860  0.925
    0.51   126    0   17      1.000  0.881  0.937
    0.52   127    0   16      1.000  0.888  0.941
    0.53   129    0   14      1.000  0.902  0.949
    0.54   131    0   12      1.000  0.916  0.956
    0.55   133    0   10      1.000  0.930  0.964
    0.56   136    0    7      1.000  0.951  0.975
    0.57   136    0    7      1.000  0.951  0.975
    0.58   136    0    7      1.000  0.951  0.975
    0.59   137    0    6      1.000  0.958  0.979
    0.60   137    0    6      1.000  0.958  0.979
    0.61   137    0    6      1.000  0.958  0.979
    0.62   137    0    6      1.000  0.958  0.979
    0.63   138    0    5      1.000  0.965  0.982
    0.64   138    0    5      1.000  0.965  0.982
    0.65   138    0    5      1.000  0.965  0.982
    0.66   140    0    3      1.000  0.979  0.989
    0.67   140    0    3      1.000  0.979  0.989
    0.68   140    0    3      1.000  0.979  0.989
    0.69   140    0    3      1.000  0.979  0.989
    0.70   140    0    3      1.000  0.979  0.989
    0.71   140    0    3      1.000  0.979  0.989
    0.72   140    0    3      1.000  0.979  0.989
    0.73   140    0    3      1.000  0.979  0.989
    0.74   140    0    3      1.000  0.979  0.989
    0.75   141    0    2      1.000  0.986  0.993
    0.76   141    0    2      1.000  0.986  0.993
    0.77   141    0    2      1.000  0.986  0.993
    0.78   141    0    2      1.000  0.986  0.993
    0.79   141    0    2      1.000  0.986  0.993
    0.80   141    0    2      1.000  0.986  0.993
    0.81   141    0    2      1.000  0.986  0.993
    0.82   141    0    2      1.000  0.986  0.993
    0.83   142    0    1      1.000  0.993  0.996
    0.84   142    0    1      1.000  0.993  0.996
    0.85   143    0    0      1.000  1.000  1.000
    0.86   143    0    0      1.000  1.000  1.000
    0.87   143    0    0      1.000  1.000  1.000
    0.88   143    0    0      1.000  1.000  1.000
    0.89   143    0    0      1.000  1.000  1.000
    0.90   143    0    0      1.000  1.000  1.000
    0.91   143    0    0      1.000  1.000  1.000
    0.92   143    0    0      1.000  1.000  1.000
    0.93   143    0    0      1.000  1.000  1.000
    0.94   143    0    0      1.000  1.000  1.000
    0.95   143    0    0      1.000  1.000  1.000
    0.96   143    0    0      1.000  1.000  1.000
    0.97   143    0    0      1.000  1.000  1.000
    0.98   143    0    0      1.000  1.000  1.000
    0.99   143    0    0      1.000  1.000  1.000

图表已保存: threshold_ablation_v3_ALL.png

================================================================================
保存实验结果...
结果已保存到: ablation_experiment_v3_results.csv

================================================================================
实验结果汇总
================================================================================
          param  value    F1 Precision Recall   FPR stats
  threshold_ALL   0.50 0.847     1.000  0.735 0.000
  threshold_ALL   0.51 0.852     1.000  0.742 0.000
  threshold_ALL   0.52 0.856     1.000  0.749 0.000
  threshold_ALL   0.53 0.863     1.000  0.759 0.000
  threshold_ALL   0.54 0.867     1.000  0.766 0.000
  threshold_ALL   0.55 0.872     1.000  0.773 0.000
  threshold_ALL   0.56 0.875     1.000  0.778 0.000
  threshold_ALL   0.57 0.876     1.000  0.779 0.000
  threshold_ALL   0.58 0.877     1.000  0.781 0.000
  threshold_ALL   0.59 0.879     1.000  0.785 0.000
  threshold_ALL   0.60 0.881     1.000  0.788 0.000
  threshold_ALL   0.61 0.889     1.000  0.800 0.000
  threshold_ALL   0.62 0.899     1.000  0.817 0.000
  threshold_ALL   0.63 0.906     1.000  0.827 0.000
  threshold_ALL   0.64 0.907     1.000  0.829 0.000
  threshold_ALL   0.65 0.910     1.000  0.834 0.000
  threshold_ALL   0.66 0.912     1.000  0.838 0.000
  threshold_ALL   0.67 0.913     1.000  0.839 0.000
  threshold_ALL   0.68 0.914     1.000  0.841 0.000
  threshold_ALL   0.69 0.914     1.000  0.841 0.000
  threshold_ALL   0.70 0.914     1.000  0.841 0.000
  threshold_ALL   0.71 0.916     1.000  0.844 0.000
  threshold_ALL   0.72 0.918     1.000  0.848 0.000
  threshold_ALL   0.73 0.920     1.000  0.851 0.000
  threshold_ALL   0.74 0.929     1.000  0.867 0.000
  threshold_ALL   0.75 0.931     1.000  0.870 0.000
  threshold_ALL   0.76 0.932     1.000  0.874 0.000
  threshold_ALL   0.77 0.935     1.000  0.879 0.000
  threshold_ALL   0.78 0.936     1.000  0.880 0.000
  threshold_ALL   0.79 0.943     1.000  0.892 0.000
  threshold_ALL   0.80 0.952     1.000  0.908 0.000
  threshold_ALL   0.81 0.953     1.000  0.911 0.000
  threshold_ALL   0.82 0.958     1.000  0.920 0.000
  threshold_ALL   0.83 0.965     1.000  0.932 0.000
  threshold_ALL   0.84 0.969     1.000  0.940 0.000
  threshold_ALL   0.85 0.975     1.000  0.950 0.000
  threshold_ALL   0.86 0.979     1.000  0.959 0.000
  threshold_ALL   0.87 0.986     1.000  0.973 0.000
  threshold_ALL   0.88 0.991     1.000  0.981 0.000
  threshold_ALL   0.89 0.994     1.000  0.988 0.000
  threshold_ALL   0.90 0.996     1.000  0.991 0.000
  threshold_ALL   0.91 0.998     1.000  0.997 0.000
  threshold_ALL   0.92 0.998     1.000  0.997 0.000
  threshold_ALL   0.93 0.998     1.000  0.997 0.000
  threshold_ALL   0.94 0.999     1.000  0.998 0.000
  threshold_ALL   0.95 1.000     1.000  1.000 0.000
  threshold_ALL   0.96 1.000     1.000  1.000 0.000
  threshold_ALL   0.97 1.000     1.000  1.000 0.000
  threshold_ALL   0.98 1.000     1.000  1.000 0.000
  threshold_ALL   0.99 1.000     1.000  1.000 0.000
 threshold_TjIn   0.50 0.820     1.000  0.695 0.000
 threshold_TjIn   0.51 0.821     1.000  0.697 0.000
 threshold_TjIn   0.52 0.826     1.000  0.704 0.000
 threshold_TjIn   0.53 0.832     1.000  0.713 0.000
 threshold_TjIn   0.54 0.835     1.000  0.717 0.000
 threshold_TjIn   0.55 0.838     1.000  0.722 0.000
 threshold_TjIn   0.56 0.838     1.000  0.722 0.000
 threshold_TjIn   0.57 0.840     1.000  0.724 0.000
 threshold_TjIn   0.58 0.841     1.000  0.726 0.000
 threshold_TjIn   0.59 0.843     1.000  0.729 0.000
 threshold_TjIn   0.60 0.846     1.000  0.733 0.000
 threshold_TjIn   0.61 0.856     1.000  0.749 0.000
 threshold_TjIn   0.62 0.871     1.000  0.771 0.000
 threshold_TjIn   0.63 0.878     1.000  0.783 0.000
 threshold_TjIn   0.64 0.880     1.000  0.785 0.000
 threshold_TjIn   0.65 0.884     1.000  0.792 0.000
 threshold_TjIn   0.66 0.884     1.000  0.792 0.000
 threshold_TjIn   0.67 0.885     1.000  0.794 0.000
 threshold_TjIn   0.68 0.887     1.000  0.796 0.000
 threshold_TjIn   0.69 0.887     1.000  0.796 0.000
 threshold_TjIn   0.70 0.887     1.000  0.796 0.000
 threshold_TjIn   0.71 0.889     1.000  0.801 0.000
 threshold_TjIn   0.72 0.892     1.000  0.805 0.000
 threshold_TjIn   0.73 0.895     1.000  0.810 0.000
 threshold_TjIn   0.74 0.907     1.000  0.830 0.000
 threshold_TjIn   0.75 0.909     1.000  0.833 0.000
 threshold_TjIn   0.76 0.911     1.000  0.837 0.000
 threshold_TjIn   0.77 0.915     1.000  0.844 0.000
 threshold_TjIn   0.78 0.917     1.000  0.846 0.000
 threshold_TjIn   0.79 0.926     1.000  0.862 0.000
 threshold_TjIn   0.80 0.938     1.000  0.882 0.000
 threshold_TjIn   0.81 0.940     1.000  0.887 0.000
 threshold_TjIn   0.82 0.946     1.000  0.898 0.000
 threshold_TjIn   0.83 0.954     1.000  0.912 0.000
 threshold_TjIn   0.84 0.960     1.000  0.923 0.000
 threshold_TjIn   0.85 0.966     1.000  0.934 0.000
 threshold_TjIn   0.86 0.972     1.000  0.946 0.000
 threshold_TjIn   0.87 0.982     1.000  0.964 0.000
 threshold_TjIn   0.88 0.987     1.000  0.975 0.000
 threshold_TjIn   0.89 0.992     1.000  0.984 0.000
 threshold_TjIn   0.90 0.994     1.000  0.989 0.000
 threshold_TjIn   0.91 0.998     1.000  0.995 0.000
 threshold_TjIn   0.92 0.998     1.000  0.995 0.000
 threshold_TjIn   0.93 0.998     1.000  0.995 0.000
 threshold_TjIn   0.94 0.999     1.000  0.998 0.000
 threshold_TjIn   0.95 1.000     1.000  1.000 0.000
 threshold_TjIn   0.96 1.000     1.000  1.000 0.000
 threshold_TjIn   0.97 1.000     1.000  1.000 0.000
 threshold_TjIn   0.98 1.000     1.000  1.000 0.000
 threshold_TjIn   0.99 1.000     1.000  1.000 0.000
threshold_TjIn2   0.50 0.925     1.000  0.860 0.000
threshold_TjIn2   0.51 0.937     1.000  0.881 0.000
threshold_TjIn2   0.52 0.941     1.000  0.888 0.000
threshold_TjIn2   0.53 0.949     1.000  0.902 0.000
threshold_TjIn2   0.54 0.956     1.000  0.916 0.000
threshold_TjIn2   0.55 0.964     1.000  0.930 0.000
threshold_TjIn2   0.56 0.975     1.000  0.951 0.000
threshold_TjIn2   0.57 0.975     1.000  0.951 0.000
threshold_TjIn2   0.58 0.975     1.000  0.951 0.000
threshold_TjIn2   0.59 0.979     1.000  0.958 0.000
threshold_TjIn2   0.60 0.979     1.000  0.958 0.000
threshold_TjIn2   0.61 0.979     1.000  0.958 0.000
threshold_TjIn2   0.62 0.979     1.000  0.958 0.000
threshold_TjIn2   0.63 0.982     1.000  0.965 0.000
threshold_TjIn2   0.64 0.982     1.000  0.965 0.000
threshold_TjIn2   0.65 0.982     1.000  0.965 0.000
threshold_TjIn2   0.66 0.989     1.000  0.979 0.000
threshold_TjIn2   0.67 0.989     1.000  0.979 0.000
threshold_TjIn2   0.68 0.989     1.000  0.979 0.000
threshold_TjIn2   0.69 0.989     1.000  0.979 0.000
threshold_TjIn2   0.70 0.989     1.000  0.979 0.000
threshold_TjIn2   0.71 0.989     1.000  0.979 0.000
threshold_TjIn2   0.72 0.989     1.000  0.979 0.000
threshold_TjIn2   0.73 0.989     1.000  0.979 0.000
threshold_TjIn2   0.74 0.989     1.000  0.979 0.000
threshold_TjIn2   0.75 0.993     1.000  0.986 0.000
threshold_TjIn2   0.76 0.993     1.000  0.986 0.000
threshold_TjIn2   0.77 0.993     1.000  0.986 0.000
threshold_TjIn2   0.78 0.993     1.000  0.986 0.000
threshold_TjIn2   0.79 0.993     1.000  0.986 0.000
threshold_TjIn2   0.80 0.993     1.000  0.986 0.000
threshold_TjIn2   0.81 0.993     1.000  0.986 0.000
threshold_TjIn2   0.82 0.993     1.000  0.986 0.000
threshold_TjIn2   0.83 0.996     1.000  0.993 0.000
threshold_TjIn2   0.84 0.996     1.000  0.993 0.000
threshold_TjIn2   0.85 1.000     1.000  1.000 0.000
threshold_TjIn2   0.86 1.000     1.000  1.000 0.000
threshold_TjIn2   0.87 1.000     1.000  1.000 0.000
threshold_TjIn2   0.88 1.000     1.000  1.000 0.000
threshold_TjIn2   0.89 1.000     1.000  1.000 0.000
threshold_TjIn2   0.90 1.000     1.000  1.000 0.000
threshold_TjIn2   0.91 1.000     1.000  1.000 0.000
threshold_TjIn2   0.92 1.000     1.000  1.000 0.000
threshold_TjIn2   0.93 1.000     1.000  1.000 0.000
threshold_TjIn2   0.94 1.000     1.000  1.000 0.000
threshold_TjIn2   0.95 1.000     1.000  1.000 0.000
threshold_TjIn2   0.96 1.000     1.000  1.000 0.000
threshold_TjIn2   0.97 1.000     1.000  1.000 0.000
threshold_TjIn2   0.98 1.000     1.000  1.000 0.000
threshold_TjIn2   0.99 1.000     1.000  1.000 0.000


E:\PRO\python\HT\hw4vec\examples\ablation_experiment_v3.py
从 CSV 中提取数据并合并成一张表：

| 阈值 | ALL_F1 | ALL_R | TjIn_F1 | TjIn_R | TjIn2_F1 | TjIn2_R |
|:----:|:------:|:-----:|:-------:|:------:|:--------:|:-------:|
| 0.50 | 0.8473 | 0.7350 | 0.8198 | 0.6946 | 0.9248 | 0.8601 |
| 0.51 | 0.8518 | 0.7419 | 0.8213 | 0.6968 | 0.9368 | 0.8811 |
| 0.52 | 0.8563 | 0.7487 | 0.8260 | 0.7036 | 0.9407 | 0.8881 |
| 0.53 | 0.8630 | 0.7590 | 0.8322 | 0.7127 | 0.9485 | 0.9021 |
| 0.54 | 0.8674 | 0.7658 | 0.8353 | 0.7172 | 0.9562 | 0.9161 |
| 0.55 | 0.8717 | 0.7726 | 0.8384 | 0.7217 | 0.9638 | 0.9301 |
| 0.56 | 0.8750 | 0.7778 | 0.8384 | 0.7217 | 0.9749 | 0.9510 |
| 0.57 | 0.8761 | 0.7795 | 0.8399 | 0.7240 | 0.9749 | 0.9510 |
| 0.58 | 0.8772 | 0.7812 | 0.8414 | 0.7262 | 0.9749 | 0.9510 |
| 0.59 | 0.8793 | 0.7846 | 0.8429 | 0.7285 | 0.9786 | 0.9580 |
| 0.60 | 0.8815 | 0.7880 | 0.8460 | 0.7330 | 0.9786 | 0.9580 |
| 0.61 | 0.8889 | 0.8000 | 0.8564 | 0.7489 | 0.9786 | 0.9580 |
| 0.62 | 0.8993 | 0.8171 | 0.8710 | 0.7715 | 0.9786 | 0.9580 |
| 0.63 | 0.9055 | 0.8274 | 0.8782 | 0.7828 | 0.9822 | 0.9650 |
| 0.64 | 0.9065 | 0.8291 | 0.8796 | 0.7851 | 0.9822 | 0.9650 |
| 0.65 | 0.9096 | 0.8342 | 0.8838 | 0.7919 | 0.9822 | 0.9650 |
| 0.66 | 0.9116 | 0.8376 | 0.8838 | 0.7919 | 0.9894 | 0.9790 |
| 0.67 | 0.9126 | 0.8393 | 0.8852 | 0.7941 | 0.9894 | 0.9790 |
| 0.68 | 0.9136 | 0.8410 | 0.8866 | 0.7964 | 0.9894 | 0.9790 |
| 0.69 | 0.9136 | 0.8410 | 0.8866 | 0.7964 | 0.9894 | 0.9790 |
| 0.70 | 0.9136 | 0.8410 | 0.8866 | 0.7964 | 0.9894 | 0.9790 |
| 0.71 | 0.9157 | 0.8444 | 0.8894 | 0.8009 | 0.9894 | 0.9790 |
| 0.72 | 0.9177 | 0.8479 | 0.8922 | 0.8054 | 0.9894 | 0.9790 |
| 0.73 | 0.9197 | 0.8513 | 0.8950 | 0.8100 | 0.9894 | 0.9790 |
| 0.74 | 0.9286 | 0.8667 | 0.9073 | 0.8303 | 0.9894 | 0.9790 |
| 0.75 | 0.9305 | 0.8701 | 0.9086 | 0.8326 | 0.9930 | 0.9860 |
| 0.76 | 0.9325 | 0.8735 | 0.9113 | 0.8371 | 0.9930 | 0.9860 |
| 0.77 | 0.9354 | 0.8786 | 0.9153 | 0.8439 | 0.9930 | 0.9860 |
| 0.78 | 0.9364 | 0.8803 | 0.9167 | 0.8462 | 0.9930 | 0.9860 |
| 0.79 | 0.9431 | 0.8923 | 0.9259 | 0.8620 | 0.9930 | 0.9860 |
| 0.80 | 0.9516 | 0.9077 | 0.9375 | 0.8824 | 0.9930 | 0.9860 |
| 0.81 | 0.9535 | 0.9111 | 0.9400 | 0.8869 | 0.9930 | 0.9860 |
| 0.82 | 0.9581 | 0.9197 | 0.9464 | 0.8982 | 0.9930 | 0.9860 |
| 0.83 | 0.9646 | 0.9316 | 0.9538 | 0.9118 | 0.9965 | 0.9930 |
| 0.84 | 0.9692 | 0.9402 | 0.9600 | 0.9231 | 0.9965 | 0.9930 |
| 0.85 | 0.9746 | 0.9504 | 0.9661 | 0.9344 | 1.0000 | 1.0000 |
| 0.86 | 0.9791 | 0.9590 | 0.9721 | 0.9457 | 1.0000 | 1.0000 |
| 0.87 | 0.9861 | 0.9726 | 0.9816 | 0.9638 | 1.0000 | 1.0000 |
| 0.88 | 0.9905 | 0.9812 | 0.9874 | 0.9751 | 1.0000 | 1.0000 |
| 0.89 | 0.9940 | 0.9880 | 0.9920 | 0.9842 | 1.0000 | 1.0000 |
| 0.90 | 0.9957 | 0.9915 | 0.9943 | 0.9887 | 1.0000 | 1.0000 |
| 0.91 | 0.9983 | 0.9966 | 0.9977 | 0.9955 | 1.0000 | 1.0000 |
| 0.92 | 0.9983 | 0.9966 | 0.9977 | 0.9955 | 1.0000 | 1.0000 |
| 0.93 | 0.9983 | 0.9966 | 0.9977 | 0.9955 | 1.0000 | 1.0000 |
| 0.94 | 0.9991 | 0.9983 | 0.9989 | 0.9977 | 1.0000 | 1.0000 |
| 0.95 | 1.0000 | 1.0000 | 1.0000 | 1.0000 | 1.0000 | 1.0000 |
| 0.96 | 1.0000 | 1.0000 | 1.0000 | 1.0000 | 1.0000 | 1.0000 |
| 0.97 | 1.0000 | 1.0000 | 1.0000 | 1.0000 | 1.0000 | 1.0000 |
| 0.98 | 1.0000 | 1.0000 | 1.0000 | 1.0000 | 1.0000 | 1.0000 |
| 0.99 | 1.0000 | 1.0000 | 1.0000 | 1.0000 | 1.0000 | 1.0000 |

**关键发现**：
- **TjIn2 (FreeCores)** 检测性能显著优于 TjIn (TrustHub)：阈值 0.85 时 TjIn2 已达 F1=1.0/Recall=1.0，而 TjIn 在 0.95 才达到
- **Precision 全为 1.0**（无假正例），说明该方法误报率为零
- 最优 F1 拐点：ALL 在 0.95 达到 1.0，TjIn 在 0.95 达到 1.0，TjIn2 在 0.85 即达 1.0